Script started on Sat 13 Nov 2010 09:17:29 PM EST
]0;jshowa@nadine: ~/Downloadsjshowa@nadine:~/Downloads$ gcc buffer.c -Wall -pedantic -std=c99 -D_XOPEN_SOURCE=700 -pthread
buffer.c: In function ‘main’:
buffer.c:66: warning: ISO C forbids conversion of function pointer to object pointer type
buffer.c:66: warning: ISO C forbids passing argument 3 of ‘pthread_create’ between function pointer and ‘void *’
buffer.c:72: warning: ISO C forbids conversion of function pointer to object pointer type
buffer.c:72: warning: ISO C forbids passing argument 3 of ‘pthread_create’ between function pointer and ‘void *’
buffer.c: In function ‘producer’:
buffer.c:134: warning: implicit declaration of function ‘randTime’
]0;jshowa@nadine: ~/Downloadsjshowa@nadine:~/Downloads$ ./a.out 3 9 9
BUFFER  77 0 0 0 0 0 0 0 0 0 0 0 0 0 0 0 0 0 0 0 0 0 0 0 0 0 0 0 0 0 END BUFFER 
P1 produced 77
BUFFER  -1 0 0 0 0 0 0 0 0 0 0 0 0 0 0 0 0 0 0 0 0 0 0 0 0 0 0 0 0 0 END BUFFER 
C1 consumed 77
BUFFER  -1 63 0 0 0 0 0 0 0 0 0 0 0 0 0 0 0 0 0 0 0 0 0 0 0 0 0 0 0 0 END BUFFER 
P0 produced 63
BUFFER  -1 -1 0 0 0 0 0 0 0 0 0 0 0 0 0 0 0 0 0 0 0 0 0 0 0 0 0 0 0 0 END BUFFER 
C2 consumed 63
BUFFER  -1 -1 68 0 0 0 0 0 0 0 0 0 0 0 0 0 0 0 0 0 0 0 0 0 0 0 0 0 0 0 END BUFFER 
P1 produced 68
BUFFER  -1 -1 -1 0 0 0 0 0 0 0 0 0 0 0 0 0 0 0 0 0 0 0 0 0 0 0 0 0 0 0 END BUFFER 
C3 consumed 68
BUFFER  -1 -1 -1 82 0 0 0 0 0 0 0 0 0 0 0 0 0 0 0 0 0 0 0 0 0 0 0 0 0 0 END BUFFER 
P0 produced 82
BUFFER  -1 -1 -1 -1 0 0 0 0 0 0 0 0 0 0 0 0 0 0 0 0 0 0 0 0 0 0 0 0 0 0 END BUFFER 
BUFFER  -1 -1 -1 -1 62 0 0 0 0 0 0 0 0 0 0 0 0 0 0 0 0 0 0 0 0 0 0 0 0 0 END BUFFER 
P7 produced 62
BUFFER  -1 -1 -1 -1 62 58 0 0 0 0 0 0 0 0 0 0 0 0 0 0 0 0 0 0 0 0 0 0 0 0 END BUFFER 
P7 produced 58
BUFFER  -1 -1 -1 -1 -1 58 0 0 0 0 0 0 0 0 0 0 0 0 0 0 0 0 0 0 0 0 0 0 0 0 END BUFFER 
C6 consumed 62
BUFFER  -1 -1 -1 -1 -1 58 67 0 0 0 0 0 0 0 0 0 0 0 0 0 0 0 0 0 0 0 0 0 0 0 END BUFFER 
P7 produced 67
BUFFER  -1 -1 -1 -1 -1 -1 67 0 0 0 0 0 0 0 0 0 0 0 0 0 0 0 0 0 0 0 0 0 0 0 END BUFFER 
C7 consumed 58
BUFFER  -1 -1 -1 -1 -1 -1 67 23 0 0 0 0 0 0 0 0 0 0 0 0 0 0 0 0 0 0 0 0 0 0 END BUFFER 
P1 produced 23
BUFFER  -1 -1 -1 -1 -1 -1 -1 23 0 0 0 0 0 0 0 0 0 0 0 0 0 0 0 0 0 0 0 0 0 0 END BUFFER 
BUFFER  -1 -1 -1 -1 -1 -1 -1 23 11 0 0 0 0 0 0 0 0 0 0 0 0 0 0 0 0 0 0 0 0 0 END BUFFER 
P7 produced 11
BUFFER  -1 -1 -1 -1 -1 -1 -1 23 11 90 0 0 0 0 0 0 0 0 0 0 0 0 0C5 consumed 82
C3 consumed 67
 0 0 0 0 0 0 0 END BUFFER 
P8 produced 90
BUFFER  -1 -1 -1 -1 -1 -1 -1 -1 11 90 0 0 0 0 0 0 0 0 0 0 0 0 0 0 0 0 0 0 0 0 END BUFFER 
C8 consumed 23
BUFFER  -1 -1 -1 -1 -1 -1 -1 -1 11 90 49 0 0 0 0 0 0 0 0 0 0 0 0 0 0 0 0 0 0 0 END BUFFER 
P6 produced 49
BUFFER  -1 -1 -1 -1 -1 -1 -1 -1 11 90 49 26 0 0 0 0 0 0 0 0 0 0 0 0 0 0 0 0 0 0 END BUFFER 
P6 produced 26
BUFFER  -1 -1 -1 -1 -1 -1 -1 -1 -1 90 49 26 0 0 0 0 0 0 0 0 0 0 0 0 0 0 0 0 0 0 END BUFFER 
C7 consumed 11
BUFFER  -1 -1 -1 -1 -1 -1 -1 -1 -1 90 49 26 15 0 0 0 0 0 0 0 0 0 0 0 0 0 0 0 0 0 END BUFFER 
P8 produced 15
BUFFER  -1 -1 -1 -1 -1 -1 -1 -1 -1 -1 49 26 15 0 0 0 0 0 0 0 0 0 0 0 0 0 0 0 0 0 END BUFFER 
C8 consumed 90
BUFFER  -1 -1 -1 -1 -1 -1 -1 -1 -1 -1 -1 26 15 0 0 0 0 0 0 0 0 0 0 0 0 0 0 0 0 0 END BUFFER 
C7 consumed 49
BUFFER  -1 -1 -1 -1 -1 -1 -1 -1 -1 -1 -1 26 15 93 0 0 0 0 0 0 0 0 0 0 0 0 0 0 0 0 END BUFFER 
P3 produced 93
BUFFER  -1 -1 -1 -1 -1 -1 -1 -1 -1 -1 -1 -1 15 93 0 0 0 0 0 0 0 0 0 0 0 0 0 0 0 0 END BUFFER 
C6 consumed 26
BUFFER  -1 -1 -1 -1 -1 -1 -1 -1 -1 -1 -1 -1 -1 93 0 0 0 0 0 0 0 0 0 0 0 0 0 0 0 0 END BUFFER 
BUFFER  -1 -1 -1 -1 -1 -1 -1 -1 -1 -1 -1 -1 -1 93 19 0 0 0 0 0 0 0 0 0 0 0 0 0 0 0 END BUFFER 
BUFFER  -1 -1 -1 -1 -1 -1 -1 -1 -1 -1 -1 -1 -1 -1 19 0 0 0 0 0 0 0 0 0 0 0 0 0 0 0 END BUFFER 
C7 consumed 93
P1 produced 19
BUFFER  -1 -1 -1 -1 -1 -1 -1 -1 -1 -1 -1 -1 -1 -1 19 84 0 0 0 0 0 0 0 0 0 0 0 0 0 0 END BUFFER 
P1 produced 84
BUFFER  -1 -1 -1 -1 -1 -1 -1 -1 -1 -1 -1 -1 -1 -1 19 84 36 0 0 0 0 0 0 0 0 0 0 0 0 0 END BUFFER 
P1 produced 36
C3 consumed 15
BUFFER  -1 -1 -1 -1 -1 -1 -1 -1 -1 -1 -1 -1 -1 -1 -1 84 36 0 0 0 0 0 0 0 0 0 0 0 0 0 END BUFFER 
C3 consumed 19
BUFFER  -1 -1 -1 -1 -1 -1 -1 -1 -1 -1 -1 -1 -1 -1 -1 -1 36 0 0 0 0 0 0 0 0 0 0 0 0 0 END BUFFER 
C3 consumed 84
BUFFER  -1 -1 -1 -1 -1 -1 -1 -1 -1 -1 -1 -1 -1 -1 -1 -1 -1 0 0 0 0 0 0 0 0 0 0 0 0 0 END BUFFER 
C3 consumed 36
BUFFER  -1 -1 -1 -1 -1 -1 -1 -1 -1 -1 -1 -1 -1 -1 -1 -1 -1 46 0 0 0 0 0 0 0 0 0 0 0 0 END BUFFER 
P1 produced 46
BUFFER  -1 -1 -1 -1 -1 -1 -1 -1 -1 -1 -1 -1 -1 -1 -1 -1 -1 46 82 0 0 0 0 0 0 0 0 0 0 0 END BUFFER 
P1 produced 82
BUFFER  -1 -1 -1 -1 -1 -1 -1 -1 -1 -1 -1 -1 -1 -1 -1 -1 -1 46 82 14 0 0 0 0 0 0 0 0 0 0 END BUFFER 
P1 produced 14
BUFFER  -1 -1 -1 -1 -1 -1 -1 -1 -1 -1 -1 -1 -1 -1 -1 -1 -1 46 82 14 34 0 0 0 0 0 0 0 0 0 END BUFFER 
P1 produced 34
BUFFER  -1 -1 -1 -1 -1 -1 -1 -1 -1 -1 -1 -1 -1 -1 -1 -1 -1 -1 82 14 34 0 0 0 0 0 0 0 0 0 END BUFFER 
C3 consumed 46
BUFFER  -1 -1 -1 -1 -1 -1 -1 -1 -1 -1 -1 -1 -1 -1 -1 -1 -1 -1 82 14 34 43 0 0 0 0 0 0 0 0 END BUFFER 
P1 produced 43
BUFFER  -1 -1 -1 -1 -1 -1 -1 -1 -1 -1 -1 -1 -1 -1 -1 -1 -1 -1 82 14 34 43 73 0 0 0 0 0 0 0 END BUFFER 
P8 produced 73
BUFFER  -1 -1 -1 -1 -1 -1 -1 -1 -1 -1 -1 -1 -1 -1 -1 -1 -1 -1 -1 14 34 43 73 0 0 0 0 0 0 0 END BUFFER 
C7 consumed 82
BUFFER  -1 -1 -1 -1 -1 -1 -1 -1 -1 -1 -1 -1 -1 -1 -1 -1 -1 -1 -1 -1 34 43 73 0 0 0 0 0 0 0 END BUFFER 
C7 consumed 14
BUFFER  -1 -1 -1 -1 -1 -1 -1 -1 -1 -1 -1 -1 -1 -1 -1 -1 -1 -1 -1 -1 -1 43 73 0 0 0 0 0 0 0 END BUFFER 
C7 consumed 34
BUFFER  -1 -1 -1 -1 -1 -1 -1 -1 -1 -1 -1 -1 -1 -1 -1 -1 -1 -1 -1 -1 -1 43 73 8 0 0 0 0 0 0 END BUFFER 
P1 produced 8
BUFFER  -1 -1 -1 -1 -1 -1 -1 -1 -1 -1 -1 -1 -1 -1 -1 -1 -1 -1 -1 -1 -1 43 73 8 51 0 0 0 0 0 END BUFFER 
P1 produced 51
BUFFER  -1 -1 -1 -1 -1 -1 -1 -1 -1 -1 -1 -1 -1 -1 -1 -1 -1 -1 -1 -1 -1 43 73 8 51 99 0 0 0 0 END BUFFER 
P1 produced 99
BUFFER  -1 -1 -1 -1 -1 -1 -1 -1 -1 -1 -1 -1 -1 -1 -1 -1 -1 -1 -1 -1 -1 -1 73 8 51 99 0 0 0 0 END BUFFER 
C6 consumed 43
BUFFER  -1 -1 -1 -1 -1 -1 -1 -1 -1 -1 -1 -1 -1 -1 -1 -1 -1 -1 -1 -1 -1 -1 -1 8 51 99 0 0 0 0 END BUFFER 
C6 consumed 73
BUFFER  -1 -1 -1 -1 -1 -1 -1 -1 -1 -1 -1 -1 -1 -1 -1 -1 -1 -1 -1 -1 -1 -1 -1 8 51 99 60 0 0 0 END BUFFER 
P1 produced 60
BUFFER  -1 -1 -1 -1 -1 -1 -1 -1 -1 -1 -1 -1 -1 -1 -1 -1 -1 -1 -1 -1 -1 -1 -1 -1 51 99 60 0 0 0 END BUFFER 
C6 consumed 8
BUFFER  -1 -1 -1 -1 -1 -1 -1 -1 -1 -1 -1 -1 -1 -1 -1 -1 -1 -1 -1 -1 -1 -1 -1 -1 -1 99 60 0 0 0 END BUFFER 
C6 consumed 51
BUFFER  -1 -1 -1 -1 -1 -1 -1 -1 -1 -1 -1 -1 -1 -1 -1 -1 -1 -1 -1 -1 -1 -1 -1 -1 -1 99 60 26 0 0 END BUFFER 
P1 produced 26
BUFFER  -1 -1 -1 -1 -1 -1 -1 -1 -1 -1 -1 -1 -1 -1 -1 -1 -1 -1 -1 -1 -1 -1 -1 -1 -1 -1 60 26 0 0 END BUFFER 
C6 consumed 99
BUFFER  -1 -1 -1 -1 -1 -1 -1 -1 -1 -1 -1 -1 -1 -1 -1 -1 -1 -1 -1 -1 -1 -1 -1 -1 -1 -1 60 26 39 0 END BUFFER 
P1 produced 39
BUFFER  -1 -1 -1 -1 -1 -1 -1 -1 -1 -1 -1 -1 -1 -1 -1 -1 -1 -1 -1 -1 -1 -1 -1 -1 -1 -1 60 26 39 34 END BUFFER 
P1 produced 34
BUFFER  -1 -1 -1 -1 -1 -1 -1 -1 -1 -1 -1 -1 -1 -1 -1 -1 -1 -1 -1 -1 -1 -1 -1 -1 -1 -1 -1 26 39 34 END BUFFER 
C6 consumed 60
BUFFER  -1 -1 -1 -1 -1 -1 -1 -1 -1 -1 -1 -1 -1 -1 -1 -1 -1 -1 -1 -1 -1 -1 -1 -1 -1 -1 -1 -1 39 34 END BUFFER 
C6 consumed 26
BUFFER  67 -1 -1 -1 -1 -1 -1 -1 -1 -1 -1 -1 -1 -1 -1 -1 -1 -1 -1 -1 -1 -1 -1 -1 -1 -1 -1 -1 39 34 END BUFFER 
P1 produced 67
BUFFER  67 17 -1 -1 -1 -1 -1 -1 -1 -1 -1 -1 -1 -1 -1 -1 -1 -1 -1 -1 -1 -1 -1 -1 -1 -1 -1 -1 39 34 END BUFFER 
P1 produced 17
BUFFER  67 17 52 -1 -1 -1 -1 -1 -1 -1 -1 -1 -1 -1 -1 -1 -1 -1 -1 -1 -1 -1 -1 -1 -1 -1 -1 -1 39 34 END BUFFER 
P1 produced 52
BUFFER  67 17 52 -1 -1 -1 -1 -1 -1 -1 -1 -1 -1 -1 -1 -1 -1 -1 -1 -1 -1 -1 -1 -1 -1 -1 -1 -1 -1 34 END BUFFER 
C6 consumed 39
BUFFER  67 17 52 1 -1 -1 -1 -1 -1 -1 -1 -1 -1 -1 -1 -1 -1 -1 -1 -1 -1 -1 -1 -1 -1 -1 -1 -1 -1 34 END BUFFER 
P1 produced 1
BUFFER  67 17 52 1 -1 -1 -1 -1 -1 -1 -1 -1 -1 -1 -1 -1 -1 -1 -1 -1 -1 -1 -1 -1 -1 -1 -1 -1 -1 -1 END BUFFER 
C8 consumed 34
BUFFER  -1 17 52 1 -1 -1 -1 -1 -1 -1 -1 -1 -1 -1 -1 -1 -1 -1 -1 -1 -1 -1 -1 -1 -1 -1 -1 -1 -1 -1 END BUFFER 
C8 consumed 67
BUFFER  -1 17 52 1 41 -1 -1 -1 -1 -1 -1 -1 -1 -1 -1 -1 -1 -1 -1 -1 -1 -1 -1 -1 -1 -1 -1 -1 -1 -1 END BUFFER 
P1 produced 41
BUFFER  -1 17 52 1 41 19 -1 -1 -1 -1 -1 -1 -1 -1 -1 -1 -1 -1 -1 -1 -1 -1 -1 -1 -1 -1 -1 -1 -1 -1 END BUFFER 
P1 produced 19
BUFFER  -1 -1 52 1 41 19 -1 -1 -1 -1 -1 -1 -1 -1 -1 -1 -1 -1 -1 -1 -1 -1 -1 -1 -1 -1 -1 -1 -1 -1 END BUFFER 
C1 consumed 17
BUFFER  -1 -1 -1 1 41 19 -1 -1 -1 -1 -1 -1 -1 -1 -1 -1 -1 -1 -1 -1 -1 -1 -1 -1 -1 -1 -1 -1 -1 -1 END BUFFER 
C1 consumed 52
BUFFER  -1 -1 -1 -1 41 19 -1 -1 -1 -1 -1 -1 -1 -1 -1 -1 -1 -1 -1 -1 -1 -1 -1 -1 -1 -1 -1 -1 -1 -1 END BUFFER 
C1 consumed 1
BUFFER  -1 -1 -1 -1 -1 19 -1 -1 -1 -1 -1 -1 -1 -1 -1 -1 -1 -1 -1 -1 -1 -1 -1 -1 -1 -1 -1 -1 -1 -1 END BUFFER 
C1 consumed 41
BUFFER  -1 -1 -1 -1 -1 -1 -1 -1 -1 -1 -1 -1 -1 -1 -1 -1 -1 -1 -1 -1 -1 -1 -1 -1 -1 -1 -1 -1 -1 -1 END BUFFER 
C1 consumed 19
BUFFER  -1 -1 -1 -1 -1 -1 29 -1 -1 -1 -1 -1 -1 -1 -1 -1 -1 -1 -1 -1 -1 -1 -1 -1 -1 -1 -1 -1 -1 -1 END BUFFER 
P1 produced 29
BUFFER  -1 -1 -1 -1 -1 -1 -1 -1 -1 -1 -1 -1 -1 -1 -1 -1 -1 -1 -1 -1 -1 -1 -1 -1 -1 -1 -1 -1 -1 -1 END BUFFER 
C1 consumed 29
BUFFER  -1 -1 -1 -1 -1 -1 -1 9 -1 -1 -1 -1 -1 -1 -1 -1 -1 -1 -1 -1 -1 -1 -1 -1 -1 -1 -1 -1 -1 -1 END BUFFER 
P1 produced 9
BUFFER  -1 -1 -1 -1 -1 -1 -1 9 56 -1 -1 -1 -1 -1 -1 -1 -1 -1 -1 -1 -1 -1 -1 -1 -1 -1 -1 -1 -1 -1 END BUFFER 
P1 produced 56
BUFFER  -1 -1 -1 -1 -1 -1 -1 9 56 53 -1 -1 -1 -1 -1 -1 -1 -1 -1 -1 -1 -1 -1 -1 -1 -1 -1 -1 -1 -1 END BUFFER 
P1 produced 53
BUFFER  -1 -1 -1 -1 -1 -1 -1 9 56 53 65 -1 -1 -1 -1 -1 -1 -1 -1 -1 -1 -1 -1 -1 -1 -1 -1 -1 -1 -1 END BUFFER 
P1 produced 65
BUFFER  -1 -1 -1 -1 -1 -1 -1 9 56 53 65 83 -1 -1 -1 -1 -1 -1 -1 -1 -1 -1 -1 -1 -1 -1 -1 -1 -1 -1 END BUFFER 
P1 produced 83
BUFFER  -1 -1 -1 -1 -1 -1 -1 -1 56 53 65 83 -1 -1 -1 -1 -1 -1 -1 -1 -1 -1 -1 -1 -1 -1 -1 -1 -1 -1 END BUFFER 
C4 consumed 9
BUFFER  -1 -1 -1 -1 -1 -1 -1 -1 56 53 65 83 24 -1 -1 -1 -1 -1 -1 -1 -1 -1 -1 -1 -1 -1 -1 -1 -1 -1 END BUFFER 
P1 produced 24
BUFFER  -1 -1 -1 -1 -1 -1 -1 -1 -1 53 65 83 24 -1 -1 -1 -1 -1 -1 -1 -1 -1 -1 -1 -1 -1 -1 -1 -1 -1 END BUFFER 
C4 consumed 56
BUFFER  -1 -1 -1 -1 -1 -1 -1 -1 -1 53 65 83 24 32 -1 -1 -1 -1 -1 -1 -1 -1 -1 -1 -1 -1 -1 -1 -1 -1 END BUFFER 
P1 produced 32
BUFFER  -1 -1 -1 -1 -1 -1 -1 -1 -1 -1 65 83 24 32 -1 -1 -1 -1 -1 -1 -1 -1 -1 -1 -1 -1 -1 -1 -1 -1 END BUFFER 
C7 consumed 53
BUFFER  -1 -1 -1 -1 -1 -1 -1 -1 -1 -1 -1 83 24 32 -1 -1 -1 -1 -1 -1 -1 -1 -1 -1 -1 -1 -1 -1 -1 -1 END BUFFER 
C7 consumed 65
BUFFER  -1 -1 -1 -1 -1 -1 -1 -1 -1 -1 -1 83 24 32 3 -1 -1 -1 -1 -1 -1 -1 -1 -1 -1 -1 -1 -1 -1 -1 END BUFFER 
P4 produced 3
BUFFER  -1 -1 -1 -1 -1 -1 -1 -1 -1 -1 -1 -1 24 32 3 -1 -1 -1 -1 -1 -1 -1 -1 -1 -1 -1 -1 -1 -1 -1 END BUFFER 
C7 consumed 83
BUFFER  -1 -1 -1 -1 -1 -1 -1 -1 -1 -1 -1 -1 24 32 3 29 -1 -1 -1 -1 -1 -1 -1 -1 -1 -1 -1 -1 -1 -1 END BUFFER 
P6 produced 29
BUFFER  -1 -1 -1 -1 -1 -1 -1 -1 -1 -1 -1 -1 24 32 3 29 68 -1 -1 -1 -1 -1 -1 -1 -1 -1 -1 -1 -1 -1 END BUFFER 
P1 produced 68
BUFFER  -1 -1 -1 -1 -1 -1 -1 -1 -1 -1 -1 -1 -1 32 3 29 68 -1 -1 -1 -1 -1 -1 -1 -1 -1 -1 -1 -1 -1 END BUFFER 
C6 consumed 24
BUFFER  -1 -1 -1 -1 -1 -1 -1 -1 -1 -1 -1 -1 -1 -1 3 29 68 -1 -1 -1 -1 -1 -1 -1 -1 -1 -1 -1 -1 -1 END BUFFER 
C6 consumed 32
BUFFER  -1 -1 -1 -1 -1 -1 -1 -1 -1 -1 -1 -1 -1 -1 -1 29 68 -1 -1 -1 -1 -1 -1 -1 -1 -1 -1 -1 -1 -1 END BUFFER 
C6 consumed 3
BUFFER  -1 -1 -1 -1 -1 -1 -1 -1 -1 -1 -1 -1 -1 -1 -1 -1 68 -1 -1 -1 -1 -1 -1 -1 -1 -1 -1 -1 -1 -1 END BUFFER 
C6 consumed 29
BUFFER  -1 -1 -1 -1 -1 -1 -1 -1 -1 -1 -1 -1 -1 -1 -1 -1 68 8 -1 -1 -1 -1 -1 -1 -1 -1 -1 -1 -1 -1 END BUFFER 
P0 produced 8
BUFFER  -1 -1 -1 -1 -1 -1 -1 -1 -1 -1 -1 -1 -1 -1 -1 -1 68 8 51 -1 -1 -1 -1 -1 -1 -1 -1 -1 -1 -1 END BUFFER 
P1 produced 51
BUFFER  -1 -1 -1 -1 -1 -1 -1 -1 -1 -1 -1 -1 -1 -1 -1 -1 68 8 51 96 -1 -1 -1 -1 -1 -1 -1 -1 -1 -1 END BUFFER 
P4 produced 96
BUFFER  -1 -1 -1 -1 -1 -1 -1 -1 -1 -1 -1 -1 -1 -1 -1 -1 68 8 51 96 45 -1 -1 -1 -1 -1 -1 -1 -1 -1 END BUFFER 
P6 produced 45
BUFFER  -1 -1 -1 -1 -1 -1 -1 -1 -1 -1 -1 -1 -1 -1 -1 -1 -1 8 51 96 45 -1 -1 -1 -1 -1 -1 -1 -1 -1 END BUFFER 
C6 consumed 68
BUFFER  -1 -1 -1 -1 -1 -1 -1 -1 -1 -1 -1 -1 -1 -1 -1 -1 -1 8 51 96 45 21 -1 -1 -1 -1 -1 -1 -1 -1 END BUFFER 
P7 produced 21
BUFFER  -1 -1 -1 -1 -1 -1 -1 -1 -1 -1 -1 -1 -1 -1 -1 -1 -1 -1 51 96 45 21 -1 -1 -1 -1 -1 -1 -1 -1 END BUFFER 
C7 consumed 8
BUFFER  -1 -1 -1 -1 -1 -1 -1 -1 -1 -1 -1 -1 -1 -1 -1 -1 -1 -1 -1 96 45 21 -1 -1 -1 -1 -1 -1 -1 -1 END BUFFER 
C7 consumed 51
BUFFER  -1 -1 -1 -1 -1 -1 -1 -1 -1 -1 -1 -1 -1 -1 -1 -1 -1 -1 -1 96 45 21 0 -1 -1 -1 -1 -1 -1 -1 END BUFFER 
P4 produced 0
BUFFER  -1 -1 -1 -1 -1 -1 -1 -1 -1 -1 -1 -1 -1 -1 -1 -1 -1 -1 -1 96 45 21 0 50 -1 -1 -1 -1 -1 -1 END BUFFER 
P1 produced 50
BUFFER  -1 -1 -1 -1 -1 -1 -1 -1 -1 -1 -1 -1 -1 -1 -1 -1 -1 -1 -1 -1 45 21 0 50 -1 -1 -1 -1 -1 -1 END BUFFER 
C5 consumed 96
BUFFER  -1 -1 -1 -1 -1 -1 -1 -1 -1 -1 -1 -1 -1 -1 -1 -1 -1 -1 -1 -1 45 21 0 50 64 -1 -1 -1 -1 -1 END BUFFER 
P6 produced 64
BUFFER  -1 -1 -1 -1 -1 -1 -1 -1 -1 -1 -1 -1 -1 -1 -1 -1 -1 -1 -1 -1 -1 21 0 50 64 -1 -1 -1 -1 -1 END BUFFER 
C5 consumed 45
BUFFER  -1 -1 -1 -1 -1 -1 -1 -1 -1 -1 -1 -1 -1 -1 -1 -1 -1 -1 -1 -1 -1 21 0 50 64 24 -1 -1 -1 -1 END BUFFER 
P5 produced 24
BUFFER  -1 -1 -1 -1 -1 -1 -1 -1 -1 -1 -1 -1 -1 -1 -1 -1 -1 -1 -1 -1 -1 -1 0 50 64 24 -1 -1 -1 -1 END BUFFER 
BUFFER  -1 -1 -1 -1 -1 -1 -1 -1 -1 -1 -1 -1 -1 -1 -1 -1 -1 -1 -1 -1 -1 -1 0 50 64 24 56 -1 -1 -1 END BUFFER 
P7 produced 56
C5 consumed 21
BUFFER  -1 -1 -1 -1 -1 -1 -1 -1 -1 -1 -1 -1 -1 -1 -1 -1 -1 -1 -1 -1 -1 -1 -1 50 64 24 56 -1 -1 -1 END BUFFER 
C5 consumed 0
BUFFER  -1 -1 -1 -1 -1 -1 -1 -1 -1 -1 -1 -1 -1 -1 -1 -1 -1 -1 -1 -1 -1 -1 -1 50 64 24 56 59 -1 -1 END BUFFER 
P1 produced 59
BUFFER  -1 -1 -1 -1 -1 -1 -1 -1 -1 -1 -1 -1 -1 -1 -1 -1 -1 -1 -1 -1 -1 -1 -1 -1 64 24 56 59 -1 -1 END BUFFER 
C5 consumed 50
BUFFER  -1 -1 -1 -1 -1 -1 -1 -1 -1 -1 -1 -1 -1 -1 -1 -1 -1 -1 -1 -1 -1 -1 -1 -1 64 24 56 59 28 -1 END BUFFER 
P5 produced 28
BUFFER  -1 -1 -1 -1 -1 -1 -1 -1 -1 -1 -1 -1 -1 -1 -1 -1 -1 -1 -1 -1 -1 -1 -1 -1 -1 24 56 59 28 -1 END BUFFER 
BUFFER  -1 -1 -1 -1 -1 -1 -1 -1 -1 -1 -1 -1 -1 -1 -1 -1 -1 -1 -1 -1 -1 -1 -1 -1 -1 24 56 59 28 7 END BUFFER 
P7 produced 7
C5 consumed 64
BUFFER  -1 -1 -1 -1 -1 -1 -1 -1 -1 -1 -1 -1 -1 -1 -1 -1 -1 -1 -1 -1 -1 -1 -1 -1 -1 -1 56 59 28 7 END BUFFER 
C5 consumed 24
BUFFER  95 -1 -1 -1 -1 -1 -1 -1 -1 -1 -1 -1 -1 -1 -1 -1 -1 -1 -1 -1 -1 -1 -1 -1 -1 -1 56 59 28 7 END BUFFER 
P1 produced 95
BUFFER  95 -1 -1 -1 -1 -1 -1 -1 -1 -1 -1 -1 -1 -1 -1 -1 -1 -1 -1 -1 -1 -1 -1 -1 -1 -1 -1 59 28 7 END BUFFER 
C5 consumed 56
BUFFER  95 35 -1 -1 -1 -1 -1 -1 -1 -1 -1 -1 -1 -1 -1 -1 -1 -1 -1 -1 -1 -1 -1 -1 -1 -1 -1 59 28 7 END BUFFER 
P5 produced 35
BUFFER  95 35 -1 -1 -1 -1 -1 -1 -1 -1 -1 -1 -1 -1 -1 -1 -1 -1 -1 -1 -1 -1 -1 -1 -1 -1 -1 -1 28 7 END BUFFER 
BUFFER  95 35 18 -1 -1 -1 -1 -1 -1 -1 -1 -1 -1 -1 -1 -1 -1 -1 -1 -1 -1 -1 -1 -1 -1 -1 -1 -1 28 7 END BUFFER 
P7 produced 18
C5 consumed 59
BUFFER  95 35 18 -1 -1 -1 -1 -1 -1 -1 -1 -1 -1 -1 -1 -1 -1 -1 -1 -1 -1 -1 -1 -1 -1 -1 -1 -1 -1 7 END BUFFER 
C5 consumed 28
BUFFER  95 35 18 28 -1 -1 -1 -1 -1 -1 -1 -1 -1 -1 -1 -1 -1 -1 -1 -1 -1 -1 -1 -1 -1 -1 -1 -1 -1 7 END BUFFER 
P1 produced 28
BUFFER  95 35 18 28 -1 -1 -1 -1 -1 -1 -1 -1 -1 -1 -1 -1 -1 -1 -1 -1 -1 -1 -1 -1 -1 -1 -1 -1 -1 -1 END BUFFER 
C5 consumed 7
BUFFER  95 35 18 28 4 -1 -1 -1 -1 -1 -1 -1 -1 -1 -1 -1 -1 -1 -1 -1 -1 -1 -1 -1 -1 -1 -1 -1 -1 -1 END BUFFER 
P5 produced 4
BUFFER  -1 35 18 28 4 -1 -1 -1 -1 -1 -1 -1 -1 -1 -1 -1 -1 -1 -1 -1 -1 -1 -1 -1 -1 -1 -1 -1 -1 -1 END BUFFER 
BUFFER  -1 35 18 28 4 63 -1 -1 -1 -1 -1 -1 -1 -1 -1 -1 -1 -1 -1 -1 -1 -1 -1 -1 -1 -1 -1 -1 -1 -1 END BUFFER 
P7 produced 63
C5 consumed 95
BUFFER  -1 -1 18 28 4 63 -1 -1 -1 -1 -1 -1 -1 -1 -1 -1 -1 -1 -1 -1 -1 -1 -1 -1 -1 -1 -1 -1 -1 -1 END BUFFER 
C5 consumed 35
BUFFER  -1 -1 18 28 4 63 40 -1 -1 -1 -1 -1 -1 -1 -1 -1 -1 -1 -1 -1 -1 -1 -1 -1 -1 -1 -1 -1 -1 -1 END BUFFER 
P1 produced 40
BUFFER  -1 -1 -1 28 4 63 40 -1 -1 -1 -1 -1 -1 -1 -1 -1 -1 -1 -1 -1 -1 -1 -1 -1 -1 -1 -1 -1 -1 -1 END BUFFER 
C3 consumed 18
BUFFER  -1 -1 -1 28 4 63 40 88 -1 -1 -1 -1 -1 -1 -1 -1 -1 -1 -1 -1 -1 -1 -1 -1 -1 -1 -1 -1 -1 -1 END BUFFER 
P7 produced 88
BUFFER  -1 -1 -1 -1 4 63 40 88 -1 -1 -1 -1 -1 -1 -1 -1 -1 -1 -1 -1 -1 -1 -1 -1 -1 -1 -1 -1 -1 -1 END BUFFER 
C7 consumed 28
BUFFER  -1 -1 -1 -1 4 63 40 88 96 -1 -1 -1 -1 -1 -1 -1 -1 -1 -1 -1 -1 -1 -1 -1 -1 -1 -1 -1 -1 -1 END BUFFER 
P1 produced 96
BUFFER  -1 -1 -1 -1 -1 63 40 88 96 -1 -1 -1 -1 -1 -1 -1 -1 -1 -1 -1 -1 -1 -1 -1 -1 -1 -1 -1 -1 -1 END BUFFER 
BUFFER  -1 -1 -1 -1 -1 63 40 88 96 90 -1 -1 -1 -1 -1 -1 -1 -1 -1 -1 -1 -1 -1 -1 -1 -1 -1 -1 -1 -1 END BUFFER 
P1 produced 90
C2 consumed 4
BUFFER  -1 -1 -1 -1 -1 -1 40 88 96 90 -1 -1 -1 -1 -1 -1 -1 -1 -1 -1 -1 -1 -1 -1 -1 -1 -1 -1 -1 -1 END BUFFER 
C6 consumed 63
BUFFER  -1 -1 -1 -1 -1 -1 -1 88 96 90 -1 -1 -1 -1 -1 -1 -1 -1 -1 -1 -1 -1 -1 -1 -1 -1 -1 -1 -1 -1 END BUFFER 
C6 consumed 40
BUFFER  -1 -1 -1 -1 -1 -1 -1 -1 96 90 -1 -1 -1 -1 -1 -1 -1 -1 -1 -1 -1 -1 -1 -1 -1 -1 -1 -1 -1 -1 END BUFFER 
C6 consumed 88
BUFFER  -1 -1 -1 -1 -1 -1 -1 -1 96 90 99 -1 -1 -1 -1 -1 -1 -1 -1 -1 -1 -1 -1 -1 -1 -1 -1 -1 -1 -1 END BUFFER 
P2 produced 99
BUFFER  -1 -1 -1 -1 -1 -1 -1 -1 96 90 99 25 -1 -1 -1 -1 -1 -1 -1 -1 -1 -1 -1 -1 -1 -1 -1 -1 -1 -1 END BUFFER 
P1 produced 25
BUFFER  -1 -1 -1 -1 -1 -1 -1 -1 96 90 99 25 86 -1 -1 -1 -1 -1 -1 -1 -1 -1 -1 -1 -1 -1 -1 -1 -1 -1 END BUFFER 
P2 produced 86
BUFFER  -1 -1 -1 -1 -1 -1 -1 -1 -1 90 99 25 86 -1 -1 -1 -1 -1 -1 -1 -1 -1 -1 -1 -1 -1 -1 -1 -1 -1 END BUFFER 
C7 consumed 96
BUFFER  -1 -1 -1 -1 -1 -1 -1 -1 -1 90 99 25 86 82 -1 -1 -1 -1 -1 -1 -1 -1 -1 -1 -1 -1 -1 -1 -1 -1 END BUFFER 
P1 produced 82
BUFFER  -1 -1 -1 -1 -1 -1 -1 -1 -1 -1 99 25 86 82 -1 -1 -1 -1 -1 -1 -1 -1 -1 -1 -1 -1 -1 -1 -1 -1 END BUFFER 
C7 consumed 90
BUFFER  -1 -1 -1 -1 -1 -1 -1 -1 -1 -1 99 25 86 82 64 -1 -1 -1 -1 -1 -1 -1 -1 -1 -1 -1 -1 -1 -1 -1 END BUFFER 
P5 produced 64
BUFFER  -1 -1 -1 -1 -1 -1 -1 -1 -1 -1 -1 25 86 82 64 -1 -1 -1 -1 -1 -1 -1 -1 -1 -1 -1 -1 -1 -1 -1 END BUFFER 
C4 consumed 99
BUFFER  -1 -1 -1 -1 -1 -1 -1 -1 -1 -1 -1 -1 86 82 64 -1 -1 -1 -1 -1 -1 -1 -1 -1 -1 -1 -1 -1 -1 -1 END BUFFER 
C4 consumed 25
BUFFER  -1 -1 -1 -1 -1 -1 -1 -1 -1 -1 -1 -1 86 82 64 4 -1 -1 -1 -1 -1 -1 -1 -1 -1 -1 -1 -1 -1 -1 END BUFFER 
P1 produced 4
BUFFER  -1 -1 -1 -1 -1 -1 -1 -1 -1 -1 -1 -1 86 82 64 4 97 -1 -1 -1 -1 -1 -1 -1 -1 -1 -1 -1 -1 -1 END BUFFER 
P8 produced 97
BUFFER  -1 -1 -1 -1 -1 -1 -1 -1 -1 -1 -1 -1 -1 82 64 4 97 -1 -1 -1 -1 -1 -1 -1 -1 -1 -1 -1 -1 -1 END BUFFER 
C8 consumed 86
BUFFER  -1 -1 -1 -1 -1 -1 -1 -1 -1 -1 -1 -1 -1 -1 64 4 97 -1 -1 -1 -1 -1 -1 -1 -1 -1 -1 -1 -1 -1 END BUFFER 
C8 consumed 82
BUFFER  -1 -1 -1 -1 -1 -1 -1 -1 -1 -1 -1 -1 -1 -1 -1 4 97 -1 -1 -1 -1 -1 -1 -1 -1 -1 -1 -1 -1 -1 END BUFFER 
C8 consumed 64
BUFFER  -1 -1 -1 -1 -1 -1 -1 -1 -1 -1 -1 -1 -1 -1 -1 4 97 68 -1 -1 -1 -1 -1 -1 -1 -1 -1 -1 -1 -1 END BUFFER 
P1 produced 68
BUFFER  -1 -1 -1 -1 -1 -1 -1 -1 -1 -1 -1 -1 -1 -1 -1 -1 97 68 -1 -1 -1 -1 -1 -1 -1 -1 -1 -1 -1 -1 END BUFFER 
C8 consumed 4
BUFFER  -1 -1 -1 -1 -1 -1 -1 -1 -1 -1 -1 -1 -1 -1 -1 -1 -1 68 -1 -1 -1 -1 -1 -1 -1 -1 -1 -1 -1 -1 END BUFFER 
C8 consumed 97
BUFFER  -1 -1 -1 -1 -1 -1 -1 -1 -1 -1 -1 -1 -1 -1 -1 -1 -1 -1 -1 -1 -1 -1 -1 -1 -1 -1 -1 -1 -1 -1 END BUFFER 
C8 consumed 68
BUFFER  -1 -1 -1 -1 -1 -1 -1 -1 -1 -1 -1 -1 -1 -1 -1 -1 -1 -1 11 -1 -1 -1 -1 -1 -1 -1 -1 -1 -1 -1 END BUFFER 
P3 produced 11
BUFFER  -1 -1 -1 -1 -1 -1 -1 -1 -1 -1 -1 -1 -1 -1 -1 -1 -1 -1 -1 -1 -1 -1 -1 -1 -1 -1 -1 -1 -1 -1 END BUFFER 
C8 consumed 11
BUFFER  -1 -1 -1 -1 -1 -1 -1 -1 -1 -1 -1 -1 -1 -1 -1 -1 -1 -1 -1 22 -1 -1 -1 -1 -1 -1 -1 -1 -1 -1 END BUFFER 
P8 produced 22
BUFFER  -1 -1 -1 -1 -1 -1 -1 -1 -1 -1 -1 -1 -1 -1 -1 -1 -1 -1 -1 -1 -1 -1 -1 -1 -1 -1 -1 -1 -1 -1 END BUFFER 
C8 consumed 22
BUFFER  -1 -1 -1 -1 -1 -1 -1 -1 -1 -1 -1 -1 -1 -1 -1 -1 -1 -1 -1 -1 28 -1 -1 -1 -1 -1 -1 -1 -1 -1 END BUFFER 
P5 produced 28
BUFFER  -1 -1 -1 -1 -1 -1 -1 -1 -1 -1 -1 -1 -1 -1 -1 -1 -1 -1 -1 -1 28 30 -1 -1 -1 -1 -1 -1 -1 -1 END BUFFER 
P1 produced 30
BUFFER  -1 -1 -1 -1 -1 -1 -1 -1 -1 -1 -1 -1 -1 -1 -1 -1 -1 -1 -1 -1 28 30 8 -1 -1 -1 -1 -1 -1 -1 END BUFFER 
P5 produced 8
BUFFER  -1 -1 -1 -1 -1 -1 -1 -1 -1 -1 -1 -1 -1 -1 -1 -1 -1 -1 -1 -1 -1 30 8 -1 -1 -1 -1 -1 -1 -1 END BUFFER 
C8 consumed 28
BUFFER  -1 -1 -1 -1 -1 -1 -1 -1 -1 -1 -1 -1 -1 -1 -1 -1 -1 -1 -1 -1 -1 30 8 48 -1 -1 -1 -1 -1 -1 END BUFFER 
BUFFER  -1 -1 -1 -1 -1 -1 -1 -1 -1 -1 -1 -1 -1 -1 -1 -1 -1 -1 -1 -1 -1 30 8 48 82 -1 -1 -1 -1 -1 END BUFFER 
P1 produced 82
BUFFER  -1 -1 -1 -1 -1 -1 -1 -1 -1 -1 -1 -1 -1 -1 -1 -1 -1 -1 -1 -1 -1 30 8 48 82 62 -1 -1 -1 -1 END BUFFER 
P1 produced 62
P0 produced 48
BUFFER  -1 -1 -1 -1 -1 -1 -1 -1 -1 -1 -1 -1 -1 -1 -1 -1 -1 -1 -1 -1 -1 -1 8 48 82 62 -1 -1 -1 -1 END BUFFER 
C1 consumed 30
BUFFER  -1 -1 -1 -1 -1 -1 -1 -1 -1 -1 -1 -1 -1 -1 -1 -1 -1 -1 -1 -1 -1 -1 8 48 82 62 0 -1 -1 -1 END BUFFER 
P1 produced 0
BUFFER  -1 -1 -1 -1 -1 -1 -1 -1 -1 -1 -1 -1 -1 -1 -1 -1 -1 -1 -1 -1 -1 -1 -1 48 82 62 0 -1 -1 -1 END BUFFER 
C1 consumed 8
BUFFER  -1 -1 -1 -1 -1 -1 -1 -1 -1 -1 -1 -1 -1 -1 -1 -1 -1 -1 -1 -1 -1 -1 -1 48 82 62 0 79 -1 -1 END BUFFER 
P1 produced 79
BUFFER  -1 -1 -1 -1 -1 -1 -1 -1 -1 -1 -1 -1 -1 -1 -1 -1 -1 -1 -1 -1 -1 -1 -1 -1 82 62 0 79 -1 -1 END BUFFER 
C6 consumed 48
BUFFER  -1 -1 -1 -1 -1 -1 -1 -1 -1 -1 -1 -1 -1 -1 -1 -1 -1 -1 -1 -1 -1 -1 -1 -1 82 62 0 79 71 -1 END BUFFER 
P1 produced 71
BUFFER  -1 -1 -1 -1 -1 -1 -1 -1 -1 -1 -1 -1 -1 -1 -1 -1 -1 -1 -1 -1 -1 -1 -1 -1 -1 62 0 79 71 -1 END BUFFER 
C7 consumed 82
BUFFER  -1 -1 -1 -1 -1 -1 -1 -1 -1 -1 -1 -1 -1 -1 -1 -1 -1 -1 -1 -1 -1 -1 -1 -1 -1 -1 0 79 71 -1 END BUFFER 
C7 consumed 62
BUFFER  -1 -1 -1 -1 -1 -1 -1 -1 -1 -1 -1 -1 -1 -1 -1 -1 -1 -1 -1 -1 -1 -1 -1 -1 -1 -1 0 79 71 73 END BUFFER 
P4 produced 73
BUFFER  30 -1 -1 -1 -1 -1 -1 -1 -1 -1 -1 -1 -1 -1 -1 -1 -1 -1 -1 -1 -1 -1 -1 -1 -1 -1 0 79 71 73 END BUFFER 
P1 produced 30
BUFFER  30 -1 -1 -1 -1 -1 -1 -1 -1 -1 -1 -1 -1 -1 -1 -1 -1 -1 -1 -1 -1 -1 -1 -1 -1 -1 -1 79 71 73 END BUFFER 
C5 consumed 0
BUFFER  30 99 -1 -1 -1 -1 -1 -1 -1 -1 -1 -1 -1 -1 -1 -1 -1 -1 -1 -1 -1 -1 -1 -1 -1 -1 -1 79 71 73 END BUFFER 
P1 produced 99
BUFFER  30 99 -1 -1 -1 -1 -1 -1 -1 -1 -1 -1 -1 -1 -1 -1 -1 -1 -1 -1 -1 -1 -1 -1 -1 -1 -1 -1 71 73 END BUFFER 
C5 consumed 79
BUFFER  30 99 81 -1 -1 -1 -1 -1 -1 -1 -1 -1 -1 -1 -1 -1 -1 -1 -1 -1 -1 -1 -1 -1 -1 -1 -1 -1 71 73 END BUFFER 
P5 produced 81
BUFFER  30 99 81 -1 -1 -1 -1 -1 -1 -1 -1 -1 -1 -1 -1 -1 -1 -1 -1 -1 -1 -1 -1 -1 -1 -1 -1 -1 -1 73 END BUFFER 
C5 consumed 71
BUFFER  30 99 81 59 -1 -1 -1 -1 -1 -1 -1 -1 -1 -1 -1 -1 -1 -1 -1 -1 -1 -1 -1 -1 -1 -1 -1 -1 -1 73 END BUFFER 
P1 produced 59
BUFFER  30 99 81 59 -1 -1 -1 -1 -1 -1 -1 -1 -1 -1 -1 -1 -1 -1 -1 -1 -1 -1 -1 -1 -1 -1 -1 -1 -1 -1 END BUFFER 
C5 consumed 73
BUFFER  30 99 81 59 95 -1 -1 -1 -1 -1 -1 -1 -1 -1 -1 -1 -1 -1 -1 -1 -1 -1 -1 -1 -1 -1 -1 -1 -1 -1 END BUFFER 
P1 produced 95
BUFFER  -1 99 81 59 95 -1 -1 -1 -1 -1 -1 -1 -1 -1 -1 -1 -1 -1 -1 -1 -1 -1 -1 -1 -1 -1 -1 -1 -1 -1 END BUFFER 
C5 consumed 30
BUFFER  -1 99 81 59 95 84 -1 -1 -1 -1 -1 -1 -1 -1 -1 -1 -1 -1 -1 -1 -1 -1 -1 -1 -1 -1 -1 -1 -1 -1 END BUFFER 
P1 produced 84
BUFFER  -1 -1 81 59 95 84 -1 -1 -1 -1 -1 -1 -1 -1 -1 -1 -1 -1 -1 -1 -1 -1 -1 -1 -1 -1 -1 -1 -1 -1 END BUFFER 
C5 consumed 99
BUFFER  -1 -1 81 59 95 84 84 -1 -1 -1 -1 -1 -1 -1 -1 -1 -1 -1 -1 -1 -1 -1 -1 -1 -1 -1 -1 -1 -1 -1 END BUFFER 
P1 produced 84
BUFFER  -1 -1 -1 59 95 84 84 -1 -1 -1 -1 -1 -1 -1 -1 -1 -1 -1 -1 -1 -1 -1 -1 -1 -1 -1 -1 -1 -1 -1 END BUFFER 
C5 consumed 81
BUFFER  -1 -1 -1 59 95 84 84 36 -1 -1 -1 -1 -1 -1 -1 -1 -1 -1 -1 -1 -1 -1 -1 -1 -1 -1 -1 -1 -1 -1 END BUFFER 
P1 produced 36
BUFFER  -1 -1 -1 -1 95 84 84 36 -1 -1 -1 -1 -1 -1 -1 -1 -1 -1 -1 -1 -1 -1 -1 -1 -1 -1 -1 -1 -1 -1 END BUFFER 
C5 consumed 59
BUFFER  -1 -1 -1 -1 95 84 84 36 56 -1 -1 -1 -1 -1 -1 -1 -1 -1 -1 -1 -1 -1 -1 -1 -1 -1 -1 -1 -1 -1 END BUFFER 
P1 produced 56
BUFFER  -1 -1 -1 -1 -1 84 84 36 56 -1 -1 -1 -1 -1 -1 -1 -1 -1 -1 -1 -1 -1 -1 -1 -1 -1 -1 -1 -1 -1 END BUFFER 
C5 consumed 95
BUFFER  -1 -1 -1 -1 -1 84 84 36 56 87 -1 -1 -1 -1 -1 -1 -1 -1 -1 -1 -1 -1 -1 -1 -1 -1 -1 -1 -1 -1 END BUFFER 
P1 produced 87
BUFFER  -1 -1 -1 -1 -1 -1 84 36 56 87 -1 -1 -1 -1 -1 -1 -1 -1 -1 -1 -1 -1 -1 -1 -1 -1 -1 -1 -1 -1 END BUFFER 
C5 consumed 84
BUFFER  -1 -1 -1 -1 -1 -1 84 36 56 87 72 -1 -1 -1 -1 -1 -1 -1 -1 -1 -1 -1 -1 -1 -1 -1 -1 -1 -1 -1 END BUFFER 
P1 produced 72
BUFFER  -1 -1 -1 -1 -1 -1 -1 36 56 87 72 -1 -1 -1 -1 -1 -1 -1 -1 -1 -1 -1 -1 -1 -1 -1 -1 -1 -1 -1 END BUFFER 
C2 consumed 84
BUFFER  -1 -1 -1 -1 -1 -1 -1 36 56 87 72 36 -1 -1 -1 -1 -1 -1 -1 -1 -1 -1 -1 -1 -1 -1 -1 -1 -1 -1 END BUFFER 
P1 produced 36
BUFFER  -1 -1 -1 -1 -1 -1 -1 -1 56 87 72 36 -1 -1 -1 -1 -1 -1 -1 -1 -1 -1 -1 -1 -1 -1 -1 -1 -1 -1 END BUFFER 
BUFFER  -1 -1 -1 -1 -1 -1 -1 -1 56 87 72 36 10 -1 -1 -1 -1 -1 -1 -1 -1 -1 -1 -1 -1 -1 -1 -1 -1 -1 END BUFFER 
P7 produced 10
C2 consumed 36
BUFFER  -1 -1 -1 -1 -1 -1 -1 -1 -1 87 72 36 10 -1 -1 -1 -1 -1 -1 -1 -1 -1 -1 -1 -1 -1 -1 -1 -1 -1 END BUFFER 
C3 consumed 56
BUFFER  -1 -1 -1 -1 -1 -1 -1 -1 -1 87 72 36 10 6 -1 -1 -1 -1 -1 -1 -1 -1 -1 -1 -1 -1 -1 -1 -1 -1 END BUFFER 
P1 produced 6
BUFFER  -1 -1 -1 -1 -1 -1 -1 -1 -1 -1 72 36 10 6 -1 -1 -1 -1 -1 -1 -1 -1 -1 -1 -1 -1 -1 -1 -1 -1 END BUFFER 
C7 consumed 87
BUFFER  -1 -1 -1 -1 -1 -1 -1 -1 -1 -1 72 36 10 6 13 -1 -1 -1 -1 -1 -1 -1 -1 -1 -1 -1 -1 -1 -1 -1 END BUFFER 
P7 produced 13
BUFFER  -1 -1 -1 -1 -1 -1 -1 -1 -1 -1 -1 36 10 6 13 -1 -1 -1 -1 -1 -1 -1 -1 -1 -1 -1 -1 -1 -1 -1 END BUFFER 
C6 consumed 72
BUFFER  -1 -1 -1 -1 -1 -1 -1 -1 -1 -1 -1 -1 10 6 13 -1 -1 -1 -1 -1 -1 -1 -1 -1 -1 -1 -1 -1 -1 -1 END BUFFER 
C6 consumed 36
BUFFER  -1 -1 -1 -1 -1 -1 -1 -1 -1 -1 -1 -1 -1 6 13 -1 -1 -1 -1 -1 -1 -1 -1 -1 -1 -1 -1 -1 -1 -1 END BUFFER 
C6 consumed 10
BUFFER  -1 -1 -1 -1 -1 -1 -1 -1 -1 -1 -1 -1 -1 -1 13 -1 -1 -1 -1 -1 -1 -1 -1 -1 -1 -1 -1 -1 -1 -1 END BUFFER 
C6 consumed 6
BUFFER  -1 -1 -1 -1 -1 -1 -1 -1 -1 -1 -1 -1 -1 -1 13 11 -1 -1 -1 -1 -1 -1 -1 -1 -1 -1 -1 -1 -1 -1 END BUFFER 
P6 produced 11
BUFFER  -1 -1 -1 -1 -1 -1 -1 -1 -1 -1 -1 -1 -1 -1 13 11 21 -1 -1 -1 -1 -1 -1 -1 -1 -1 -1 -1 -1 -1 END BUFFER 
P8 produced 21
BUFFER  -1 -1 -1 -1 -1 -1 -1 -1 -1 -1 -1 -1 -1 -1 13 11 21 84 -1 -1 -1 -1 -1 -1 -1 -1 -1 -1 -1 -1 END BUFFER 
P8 produced 84
BUFFER  -1 -1 -1 -1 -1 -1 -1 -1 -1 -1 -1 -1 -1 -1 13 11 21 84 99 -1 -1 -1 -1 -1 -1 -1 -1 -1 -1 -1 END BUFFER 
P1 produced 99
BUFFER  -1 -1 -1 -1 -1 -1 -1 -1 -1 -1 -1 -1 -1 -1 -1 11 21 84 99 -1 -1 -1 -1 -1 -1 -1 -1 -1 -1 -1 END BUFFER 
C8 consumed 13
BUFFER  -1 -1 -1 -1 -1 -1 -1 -1 -1 -1 -1 -1 -1 -1 -1 -1 21 84 99 -1 -1 -1 -1 -1 -1 -1 -1 -1 -1 -1 END BUFFER 
C8 consumed 11
BUFFER  -1 -1 -1 -1 -1 -1 -1 -1 -1 -1 -1 -1 -1 -1 -1 -1 21 84 99 39 -1 -1 -1 -1 -1 -1 -1 -1 -1 -1 END BUFFER 
P7 produced 39
BUFFER  -1 -1 -1 -1 -1 -1 -1 -1 -1 -1 -1 -1 -1 -1 -1 -1 21 84 99 39 24 -1 -1 -1 -1 -1 -1 -1 -1 -1 END BUFFER 
P1 produced 24
BUFFER  -1 -1 -1 -1 -1 -1 -1 -1 -1 -1 -1 -1 -1 -1 -1 -1 -1 84 99 39 24 -1 -1 -1 -1 -1 -1 -1 -1 -1 END BUFFER 
C4 consumed 21
BUFFER  -1 -1 -1 -1 -1 -1 -1 -1 -1 -1 -1 -1 -1 -1 -1 -1 -1 -1 99 39 24 -1 -1 -1 -1 -1 -1 -1 -1 -1 END BUFFER 
C4 consumed 84
BUFFER  -1 -1 -1 -1 -1 -1 -1 -1 -1 -1 -1 -1 -1 -1 -1 -1 -1 -1 -1 39 24 -1 -1 -1 -1 -1 -1 -1 -1 -1 END BUFFER 
C4 consumed 99
BUFFER  -1 -1 -1 -1 -1 -1 -1 -1 -1 -1 -1 -1 -1 -1 -1 -1 -1 -1 -1 39 24 92 -1 -1 -1 -1 -1 -1 -1 -1 END BUFFER 
P2 produced 92
BUFFER  -1 -1 -1 -1 -1 -1 -1 -1 -1 -1 -1 -1 -1 -1 -1 -1 -1 -1 -1 39 24 92 85 -1 -1 -1 -1 -1 -1 -1 END BUFFER 
P2 produced 85
BUFFER  -1 -1 -1 -1 -1 -1 -1 -1 -1 -1 -1 -1 -1 -1 -1 -1 -1 -1 -1 39 24 92 85 99 -1 -1 -1 -1 -1 -1 END BUFFER 
P2 produced 99
BUFFER  -1 -1 -1 -1 -1 -1 -1 -1 -1 -1 -1 -1 -1 -1 -1 -1 -1 -1 -1 -1 24 92 85 99 -1 -1 -1 -1 -1 -1 END BUFFER 
C5 consumed 39
BUFFER  -1 -1 -1 -1 -1 -1 -1 -1 -1 -1 -1 -1 -1 -1 -1 -1 -1 -1 -1 -1 24 92 85 99 42 -1 -1 -1 -1 -1 END BUFFER 
P2 produced 42
BUFFER  -1 -1 -1 -1 -1 -1 -1 -1 -1 -1 -1 -1 -1 -1 -1 -1 -1 -1 -1 -1 -1 92 85 99 42 -1 -1 -1 -1 -1 END BUFFER 
C5 consumed 24
BUFFER  -1 -1 -1 -1 -1 -1 -1 -1 -1 -1 -1 -1 -1 -1 -1 -1 -1 -1 -1 -1 -1 92 85 99 42 22 -1 -1 -1 -1 END BUFFER 
P4 produced 22
BUFFER  -1 -1 -1 -1 -1 -1 -1 -1 -1 -1 -1 -1 -1 -1 -1 -1 -1 -1 -1 -1 -1 -1 85 99 42 22 -1 -1 -1 -1 END BUFFER 
C5 consumed 92
BUFFER  -1 -1 -1 -1 -1 -1 -1 -1 -1 -1 -1 -1 -1 -1 -1 -1 -1 -1 -1 -1 -1 -1 85 99 42 22 84 -1 -1 -1 END BUFFER 
P1 produced 84
BUFFER  -1 -1 -1 -1 -1 -1 -1 -1 -1 -1 -1 -1 -1 -1 -1 -1 -1 -1 -1 -1 -1 -1 -1 99 42 22 84 -1 -1 -1 END BUFFER 
C5 consumed 85
BUFFER  -1 -1 -1 -1 -1 -1 -1 -1 -1 -1 -1 -1 -1 -1 -1 -1 -1 -1 -1 -1 -1 -1 -1 99 42 22 84 9 -1 -1 END BUFFER 
P1 produced 9
BUFFER  -1 -1 -1 -1 -1 -1 -1 -1 -1 -1 -1 -1 -1 -1 -1 -1 -1 -1 -1 -1 -1 -1 -1 -1 42 22 84 9 -1 -1 END BUFFER 
C1 consumed 99
BUFFER  -1 -1 -1 -1 -1 -1 -1 -1 -1 -1 -1 -1 -1 -1 -1 -1 -1 -1 -1 -1 -1 -1 -1 -1 -1 22 84 9 -1 -1 END BUFFER 
C1 consumed 42
BUFFER  -1 -1 -1 -1 -1 -1 -1 -1 -1 -1 -1 -1 -1 -1 -1 -1 -1 -1 -1 -1 -1 -1 -1 -1 -1 22 84 9 36 -1 END BUFFER 
P1 produced 36
BUFFER  -1 -1 -1 -1 -1 -1 -1 -1 -1 -1 -1 -1 -1 -1 -1 -1 -1 -1 -1 -1 -1 -1 -1 -1 -1 22 84 9 36 4 END BUFFER 
P1 produced 4
BUFFER  -1 -1 -1 -1 -1 -1 -1 -1 -1 -1 -1 -1 -1 -1 -1 -1 -1 -1 -1 -1 -1 -1 -1 -1 -1 -1 84 9 36 4 END BUFFER 
C3 consumed 22
BUFFER  -1 -1 -1 -1 -1 -1 -1 -1 -1 -1 -1 -1 -1 -1 -1 -1 -1 -1 -1 -1 -1 -1 -1 -1 -1 -1 -1 9 36 4 END BUFFER 
C3 consumed 84
BUFFER  -1 -1 -1 -1 -1 -1 -1 -1 -1 -1 -1 -1 -1 -1 -1 -1 -1 -1 -1 -1 -1 -1 -1 -1 -1 -1 -1 -1 36 4 END BUFFER 
C3 consumed 9
BUFFER  69 -1 -1 -1 -1 -1 -1 -1 -1 -1 -1 -1 -1 -1 -1 -1 -1 -1 -1 -1 -1 -1 -1 -1 -1 -1 -1 -1 36 4 END BUFFER 
P1 produced 69
BUFFER  69 60 -1 -1 -1 -1 -1 -1 -1 -1 -1 -1 -1 -1 -1 -1 -1 -1 -1 -1 -1 -1 -1 -1 -1 -1 -1 -1 36 4 END BUFFER 
P1 produced 60
BUFFER  69 60 79 -1 -1 -1 -1 -1 -1 -1 -1 -1 -1 -1 -1 -1 -1 -1 -1 -1 -1 -1 -1 -1 -1 -1 -1 -1 36 4 END BUFFER 
P1 produced 79
BUFFER  69 60 79 -1 -1 -1 -1 -1 -1 -1 -1 -1 -1 -1 -1 -1 -1 -1 -1 -1 -1 -1 -1 -1 -1 -1 -1 -1 -1 4 END BUFFER 
C7 consumed 36
BUFFER  69 60 79 -1 -1 -1 -1 -1 -1 -1 -1 -1 -1 -1 -1 -1 -1 -1 -1 -1 -1 -1 -1 -1 -1 -1 -1 -1 -1 -1 END BUFFER 
C7 consumed 4
BUFFER  69 60 79 5 -1 -1 -1 -1 -1 -1 -1 -1 -1 -1 -1 -1 -1 -1 -1 -1 -1 -1 -1 -1 -1 -1 -1 -1 -1 -1 END BUFFER 
P3 produced 5
BUFFER  69 60 79 5 93 -1 -1 -1 -1 -1 -1 -1 -1 -1 -1 -1 -1 -1 -1 -1 -1 -1 -1 -1 -1 -1 -1 -1 -1 -1 END BUFFER 
P1 produced 93
BUFFER  -1 60 79 5 93 -1 -1 -1 -1 -1 -1 -1 -1 -1 -1 -1 -1 -1 -1 -1 -1 -1 -1 -1 -1 -1 -1 -1 -1 -1 END BUFFER 
C7 consumed 69
BUFFER  -1 60 79 5 93 21 -1 -1 -1 -1 -1 -1 -1 -1 -1 -1 -1 -1 -1 -1 -1 -1 -1 -1 -1 -1 -1 -1 -1 -1 END BUFFER 
P0 produced 21
BUFFER  -1 -1 79 5 93 21 -1 -1 -1 -1 -1 -1 -1 -1 -1 -1 -1 -1 -1 -1 -1 -1 -1 -1 -1 -1 -1 -1 -1 -1 END BUFFER 
C2 consumed 60
BUFFER  -1 -1 79 5 93 21 54 -1 -1 -1 -1 -1 -1 -1 -1 -1 -1 -1 -1 -1 -1 -1 -1 -1 -1 -1 -1 -1 -1 -1 END BUFFER 
P1 produced 54
BUFFER  -1 -1 -1 5 93 21 54 -1 -1 -1 -1 -1 -1 -1 -1 -1 -1 -1 -1 -1 -1 -1 -1 -1 -1 -1 -1 -1 -1 -1 END BUFFER 
C7 consumed 79
BUFFER  -1 -1 -1 5 93 21 54 44 -1 -1 -1 -1 -1 -1 -1 -1 -1 -1 -1 -1 -1 -1 -1 -1 -1 -1 -1 -1 -1 -1 END BUFFER 
P0 produced 44
BUFFER  -1 -1 -1 -1 93 21 54 44 -1 -1 -1 -1 -1 -1 -1 -1 -1 -1 -1 -1 -1 -1 -1 -1 -1 -1 -1 -1 -1 -1 END BUFFER 
C4 consumed 5
BUFFER  -1 -1 -1 -1 -1 21 54 44 -1 -1 -1 -1 -1 -1 -1 -1 -1 -1 -1 -1 -1 -1 -1 -1 -1 -1 -1 -1 -1 -1 END BUFFER 
C4 consumed 93
BUFFER  -1 -1 -1 -1 -1 -1 54 44 -1 -1 -1 -1 -1 -1 -1 -1 -1 -1 -1 -1 -1 -1 -1 -1 -1 -1 -1 -1 -1 -1 END BUFFER 
C4 consumed 21
BUFFER  -1 -1 -1 -1 -1 -1 54 44 21 -1 -1 -1 -1 -1 -1 -1 -1 -1 -1 -1 -1 -1 -1 -1 -1 -1 -1 -1 -1 -1 END BUFFER 
P5 produced 21
BUFFER  -1 -1 -1 -1 -1 -1 54 44 21 6 -1 -1 -1 -1 -1 -1 -1 -1 -1 -1 -1 -1 -1 -1 -1 -1 -1 -1 -1 -1 END BUFFER 
P1 produced 6
BUFFER  -1 -1 -1 -1 -1 -1 54 44 21 6 53 -1 -1 -1 -1 -1 -1 -1 -1 -1 -1 -1 -1 -1 -1 -1 -1 -1 -1 -1 END BUFFER 
P1 produced 53
BUFFER  -1 -1 -1 -1 -1 -1 -1 44 21 6 53 -1 -1 -1 -1 -1 -1 -1 -1 -1 -1 -1 -1 -1 -1 -1 -1 -1 -1 -1 END BUFFER 
C2 consumed 54
BUFFER  -1 -1 -1 -1 -1 -1 -1 -1 21 6 53 -1 -1 -1 -1 -1 -1 -1 -1 -1 -1 -1 -1 -1 -1 -1 -1 -1 -1 -1 END BUFFER 
C2 consumed 44
BUFFER  -1 -1 -1 -1 -1 -1 -1 -1 -1 6 53 -1 -1 -1 -1 -1 -1 -1 -1 -1 -1 -1 -1 -1 -1 -1 -1 -1 -1 -1 END BUFFER 
C2 consumed 21
BUFFER  -1 -1 -1 -1 -1 -1 -1 -1 -1 6 53 72 -1 -1 -1 -1 -1 -1 -1 -1 -1 -1 -1 -1 -1 -1 -1 -1 -1 -1 END BUFFER 
P0 produced 72
BUFFER  -1 -1 -1 -1 -1 -1 -1 -1 -1 6 53 72 67 -1 -1 -1 -1 -1 -1 -1 -1 -1 -1 -1 -1 -1 -1 -1 -1 -1 END BUFFER 
P0 produced 67
BUFFER  -1 -1 -1 -1 -1 -1 -1 -1 -1 6 53 72 67 42 -1 -1 -1 -1 -1 -1 -1 -1 -1 -1 -1 -1 -1 -1 -1 -1 END BUFFER 
P2 produced 42
BUFFER  -1 -1 -1 -1 -1 -1 -1 -1 -1 -1 53 72 67 42 -1 -1 -1 -1 -1 -1 -1 -1 -1 -1 -1 -1 -1 -1 -1 -1 END BUFFER 
C6 consumed 6
BUFFER  -1 -1 -1 -1 -1 -1 -1 -1 -1 -1 -1 72 67 42 -1 -1 -1 -1 -1 -1 -1 -1 -1 -1 -1 -1 -1 -1 -1 -1 END BUFFER 
C6 consumed 53
BUFFER  -1 -1 -1 -1 -1 -1 -1 -1 -1 -1 -1 72 67 42 84 -1 -1 -1 -1 -1 -1 -1 -1 -1 -1 -1 -1 -1 -1 -1 END BUFFER 
P3 produced 84
BUFFER  -1 -1 -1 -1 -1 -1 -1 -1 -1 -1 -1 72 67 42 84 97 -1 -1 -1 -1 -1 -1 -1 -1 -1 -1 -1 -1 -1 -1 END BUFFER 
P3 produced 97
BUFFER  -1 -1 -1 -1 -1 -1 -1 -1 -1 -1 -1 -1 67 42 84 97 -1 -1 -1 -1 -1 -1 -1 -1 -1 -1 -1 -1 -1 -1 END BUFFER 
C5 consumed 72
BUFFER  -1 -1 -1 -1 -1 -1 -1 -1 -1 -1 -1 -1 -1 42 84 97 -1 -1 -1 -1 -1 -1 -1 -1 -1 -1 -1 -1 -1 -1 END BUFFER 
C5 consumed 67
BUFFER  -1 -1 -1 -1 -1 -1 -1 -1 -1 -1 -1 -1 -1 42 84 97 29 -1 -1 -1 -1 -1 -1 -1 -1 -1 -1 -1 -1 -1 END BUFFER 
P2 produced 29
BUFFER  -1 -1 -1 -1 -1 -1 -1 -1 -1 -1 -1 -1 -1 42 84 97 29 33 -1 -1 -1 -1 -1 -1 -1 -1 -1 -1 -1 -1 END BUFFER 
P7 produced 33
BUFFER  -1 -1 -1 -1 -1 -1 -1 -1 -1 -1 -1 -1 -1 -1 84 97 29 33 -1 -1 -1 -1 -1 -1 -1 -1 -1 -1 -1 -1 END BUFFER 
C3 consumed 42
BUFFER  -1 -1 -1 -1 -1 -1 -1 -1 -1 -1 -1 -1 -1 -1 84 97 29 33 68 -1 -1 -1 -1 -1 -1 -1 -1 -1 -1 -1 END BUFFER 
P8 produced 68
BUFFER  -1 -1 -1 -1 -1 -1 -1 -1 -1 -1 -1 -1 -1 -1 -1 97 29 33 68 -1 -1 -1 -1 -1 -1 -1 -1 -1 -1 -1 END BUFFER 
C8 consumed 84
BUFFER  -1 -1 -1 -1 -1 -1 -1 -1 -1 -1 -1 -1 -1 -1 -1 -1 29 33 68 -1 -1 -1 -1 -1 -1 -1 -1 -1 -1 -1 END BUFFER 
C8 consumed 97
BUFFER  -1 -1 -1 -1 -1 -1 -1 -1 -1 -1 -1 -1 -1 -1 -1 -1 29 33 68 63 -1 -1 -1 -1 -1 -1 -1 -1 -1 -1 END BUFFER 
P2 produced 63
BUFFER  -1 -1 -1 -1 -1 -1 -1 -1 -1 -1 -1 -1 -1 -1 -1 -1 29 33 68 63 3 -1 -1 -1 -1 -1 -1 -1 -1 -1 END BUFFER 
P1 produced 3
BUFFER  -1 -1 -1 -1 -1 -1 -1 -1 -1 -1 -1 -1 -1 -1 -1 -1 -1 33 68 63 3 -1 -1 -1 -1 -1 -1 -1 -1 -1 END BUFFER 
C7 consumed 29
BUFFER  -1 -1 -1 -1 -1 -1 -1 -1 -1 -1 -1 -1 -1 -1 -1 -1 -1 -1 68 63 3 -1 -1 -1 -1 -1 -1 -1 -1 -1 END BUFFER 
C7 consumed 33
BUFFER  -1 -1 -1 -1 -1 -1 -1 -1 -1 -1 -1 -1 -1 -1 -1 -1 -1 -1 68 63 3 88 -1 -1 -1 -1 -1 -1 -1 -1 END BUFFER 
P1 produced 88
BUFFER  -1 -1 -1 -1 -1 -1 -1 -1 -1 -1 -1 -1 -1 -1 -1 -1 -1 -1 -1 63 3 88 -1 -1 -1 -1 -1 -1 -1 -1 END BUFFER 
C7 consumed 68
BUFFER  -1 -1 -1 -1 -1 -1 -1 -1 -1 -1 -1 -1 -1 -1 -1 -1 -1 -1 -1 63 3 88 57 -1 -1 -1 -1 -1 -1 -1 END BUFFER 
P6 produced 57
BUFFER  -1 -1 -1 -1 -1 -1 -1 -1 -1 -1 -1 -1 -1 -1 -1 -1 -1 -1 -1 63 3 88 57 86 -1 -1 -1 -1 -1 -1 END BUFFER 
P8 produced 86
BUFFER  -1 -1 -1 -1 -1 -1 -1 -1 -1 -1 -1 -1 -1 -1 -1 -1 -1 -1 -1 -1 3 88 57 86 -1 -1 -1 -1 -1 -1 END BUFFER 
C1 consumed 63
BUFFER  -1 -1 -1 -1 -1 -1 -1 -1 -1 -1 -1 -1 -1 -1 -1 -1 -1 -1 -1 -1 3 88 57 86 29 -1 -1 -1 -1 -1 END BUFFER 
P7 produced 29
BUFFER  -1 -1 -1 -1 -1 -1 -1 -1 -1 -1 -1 -1 -1 -1 -1 -1 -1 -1 -1 -1 -1 88 57 86 29 -1 -1 -1 -1 -1 END BUFFER 
C7 consumed 3
BUFFER  -1 -1 -1 -1 -1 -1 -1 -1 -1 -1 -1 -1 -1 -1 -1 -1 -1 -1 -1 -1 -1 88 57 86 29 21 -1 -1 -1 -1 END BUFFER 
P1 produced 21
BUFFER  -1 -1 -1 -1 -1 -1 -1 -1 -1 -1 -1 -1 -1 -1 -1 -1 -1 -1 -1 -1 -1 -1 57 86 29 21 -1 -1 -1 -1 END BUFFER 
C7 consumed 88
BUFFER  -1 -1 -1 -1 -1 -1 -1 -1 -1 -1 -1 -1 -1 -1 -1 -1 -1 -1 -1 -1 -1 -1 57 86 29 21 48 -1 -1 -1 END BUFFER 
P7 produced 48
BUFFER  -1 -1 -1 -1 -1 -1 -1 -1 -1 -1 -1 -1 -1 -1 -1 -1 -1 -1 -1 -1 -1 -1 -1 86 29 21 48 -1 -1 -1 END BUFFER 
C2 consumed 57
BUFFER  -1 -1 -1 -1 -1 -1 -1 -1 -1 -1 -1 -1 -1 -1 -1 -1 -1 -1 -1 -1 -1 -1 -1 -1 29 21 48 -1 -1 -1 END BUFFER 
C2 consumed 86
BUFFER  -1 -1 -1 -1 -1 -1 -1 -1 -1 -1 -1 -1 -1 -1 -1 -1 -1 -1 -1 -1 -1 -1 -1 -1 -1 21 48 -1 -1 -1 END BUFFER 
C2 consumed 29
BUFFER  -1 -1 -1 -1 -1 -1 -1 -1 -1 -1 -1 -1 -1 -1 -1 -1 -1 -1 -1 -1 -1 -1 -1 -1 -1 -1 48 -1 -1 -1 END BUFFER 
C2 consumed 21
BUFFER  -1 -1 -1 -1 -1 -1 -1 -1 -1 -1 -1 -1 -1 -1 -1 -1 -1 -1 -1 -1 -1 -1 -1 -1 -1 -1 -1 -1 -1 -1 END BUFFER 
C2 consumed 48
BUFFER  -1 -1 -1 -1 -1 -1 -1 -1 -1 -1 -1 -1 -1 -1 -1 -1 -1 -1 -1 -1 -1 -1 -1 -1 -1 -1 -1 2 -1 -1 END BUFFER 
P4 produced 2
BUFFER  -1 -1 -1 -1 -1 -1 -1 -1 -1 -1 -1 -1 -1 -1 -1 -1 -1 -1 -1 -1 -1 -1 -1 -1 -1 -1 -1 -1 -1 -1 END BUFFER 
C2 consumed 2
BUFFER  -1 -1 -1 -1 -1 -1 -1 -1 -1 -1 -1 -1 -1 -1 -1 -1 -1 -1 -1 -1 -1 -1 -1 -1 -1 -1 -1 -1 56 -1 END BUFFER 
P0 produced 56
BUFFER  -1 -1 -1 -1 -1 -1 -1 -1 -1 -1 -1 -1 -1 -1 -1 -1 -1 -1 -1 -1 -1 -1 -1 -1 -1 -1 -1 -1 -1 -1 END BUFFER 
C2 consumed 56
BUFFER  -1 -1 -1 -1 -1 -1 -1 -1 -1 -1 -1 -1 -1 -1 -1 -1 -1 -1 -1 -1 -1 -1 -1 -1 -1 -1 -1 -1 -1 97 END BUFFER 
P1 produced 97
BUFFER  39 -1 -1 -1 -1 -1 -1 -1 -1 -1 -1 -1 -1 -1 -1 -1 -1 -1 -1 -1 -1 -1 -1 -1 -1 -1 -1 -1 -1 97 END BUFFER 
P1 produced 39
BUFFER  39 15 -1 -1 -1 -1 -1 -1 -1 -1 -1 -1 -1 -1 -1 -1 -1 -1 -1 -1 -1 -1 -1 -1 -1 -1 -1 -1 -1 97 END BUFFER 
P1 produced 15
BUFFER  39 15 4 -1 -1 -1 -1 -1 -1 -1 -1 -1 -1 -1 -1 -1 -1 -1 -1 -1 -1 -1 -1 -1 -1 -1 -1 -1 -1 97 END BUFFER 
P1 produced 4
BUFFER  39 15 4 49 -1 -1 -1 -1 -1 -1 -1 -1 -1 -1 -1 -1 -1 -1 -1 -1 -1 -1 -1 -1 -1 -1 -1 -1 -1 97 END BUFFER 
P1 produced 49
BUFFER  39 15 4 49 -1 -1 -1 -1 -1 -1 -1 -1 -1 -1 -1 -1 -1 -1 -1 -1 -1 -1 -1 -1 -1 -1 -1 -1 -1 -1 END BUFFER 
C2 consumed 97
BUFFER  39 15 4 49 85 -1 -1 -1 -1 -1 -1 -1 -1 -1 -1 -1 -1 -1 -1 -1 -1 -1 -1 -1 -1 -1 -1 -1 -1 -1 END BUFFER 
P1 produced 85
BUFFER  -1 15 4 49 85 -1 -1 -1 -1 -1 -1 -1 -1 -1 -1 -1 -1 -1 -1 -1 -1 -1 -1 -1 -1 -1 -1 -1 -1 -1 END BUFFER 
C6 consumed 39
BUFFER  -1 -1 4 49 85 -1 -1 -1 -1 -1 -1 -1 -1 -1 -1 -1 -1 -1 -1 -1 -1 -1 -1 -1 -1 -1 -1 -1 -1 -1 END BUFFER 
C6 consumed 15
BUFFER  -1 -1 -1 49 85 -1 -1 -1 -1 -1 -1 -1 -1 -1 -1 -1 -1 -1 -1 -1 -1 -1 -1 -1 -1 -1 -1 -1 -1 -1 END BUFFER 
C6 consumed 4
BUFFER  -1 -1 -1 -1 85 -1 -1 -1 -1 -1 -1 -1 -1 -1 -1 -1 -1 -1 -1 -1 -1 -1 -1 -1 -1 -1 -1 -1 -1 -1 END BUFFER 
C6 consumed 49
BUFFER  -1 -1 -1 -1 85 77 -1 -1 -1 -1 -1 -1 -1 -1 -1 -1 -1 -1 -1 -1 -1 -1 -1 -1 -1 -1 -1 -1 -1 -1 END BUFFER 
P0 produced 77
BUFFER  -1 -1 -1 -1 85 77 35 -1 -1 -1 -1 -1 -1 -1 -1 -1 -1 -1 -1 -1 -1 -1 -1 -1 -1 -1 -1 -1 -1 -1 END BUFFER 
P1 produced 35
BUFFER  -1 -1 -1 -1 85 77 35 88 -1 -1 -1 -1 -1 -1 -1 -1 -1 -1 -1 -1 -1 -1 -1 -1 -1 -1 -1 -1 -1 -1 END BUFFER 
P1 produced 88
BUFFER  -1 -1 -1 -1 85 77 35 88 95 -1 -1 -1 -1 -1 -1 -1 -1 -1 -1 -1 -1 -1 -1 -1 -1 -1 -1 -1 -1 -1 END BUFFER 
P1 produced 95
BUFFER  -1 -1 -1 -1 -1 77 35 88 95 -1 -1 -1 -1 -1 -1 -1 -1 -1 -1 -1 -1 -1 -1 -1 -1 -1 -1 -1 -1 -1 END BUFFER 
C6 consumed 85
BUFFER  -1 -1 -1 -1 -1 -1 35 88 95 -1 -1 -1 -1 -1 -1 -1 -1 -1 -1 -1 -1 -1 -1 -1 -1 -1 -1 -1 -1 -1 END BUFFER 
C6 consumed 77
BUFFER  -1 -1 -1 -1 -1 -1 -1 88 95 -1 -1 -1 -1 -1 -1 -1 -1 -1 -1 -1 -1 -1 -1 -1 -1 -1 -1 -1 -1 -1 END BUFFER 
C6 consumed 35
BUFFER  -1 -1 -1 -1 -1 -1 -1 -1 95 -1 -1 -1 -1 -1 -1 -1 -1 -1 -1 -1 -1 -1 -1 -1 -1 -1 -1 -1 -1 -1 END BUFFER 
C6 consumed 88
BUFFER  -1 -1 -1 -1 -1 -1 -1 -1 95 39 -1 -1 -1 -1 -1 -1 -1 -1 -1 -1 -1 -1 -1 -1 -1 -1 -1 -1 -1 -1 END BUFFER 
P7 produced 39
BUFFER  -1 -1 -1 -1 -1 -1 -1 -1 95 39 69 -1 -1 -1 -1 -1 -1 -1 -1 -1 -1 -1 -1 -1 -1 -1 -1 -1 -1 -1 END BUFFER 
P7 produced 69
BUFFER  -1 -1 -1 -1 -1 -1 -1 -1 95 39 69 44 -1 -1 -1 -1 -1 -1 -1 -1 -1 -1 -1 -1 -1 -1 -1 -1 -1 -1 END BUFFER 
P1 produced 44
BUFFER  -1 -1 -1 -1 -1 -1 -1 -1 95 39 69 44 61 -1 -1 -1 -1 -1 -1 -1 -1 -1 -1 -1 -1 -1 -1 -1 -1 -1 END BUFFER 
P1 produced 61
BUFFER  -1 -1 -1 -1 -1 -1 -1 -1 -1 39 69 44 61 -1 -1 -1 -1 -1 -1 -1 -1 -1 -1 -1 -1 -1 -1 -1 -1 -1 END BUFFER 
C2 consumed 95
BUFFER  -1 -1 -1 -1 -1 -1 -1 -1 -1 39 69 44 61 60 -1 -1 -1 -1 -1 -1 -1 -1 -1 -1 -1 -1 -1 -1 -1 -1 END BUFFER 
P1 produced 60
BUFFER  -1 -1 -1 -1 -1 -1 -1 -1 -1 -1 69 44 61 60 -1 -1 -1 -1 -1 -1 -1 -1 -1 -1 -1 -1 -1 -1 -1 -1 END BUFFER 
C3 consumed 39
BUFFER  -1 -1 -1 -1 -1 -1 -1 -1 -1 -1 -1 44 61 60 -1 -1 -1 -1 -1 -1 -1 -1 -1 -1 -1 -1 -1 -1 -1 -1 END BUFFER 
C3 consumed 69
BUFFER  -1 -1 -1 -1 -1 -1 -1 -1 -1 -1 -1 44 61 60 81 -1 -1 -1 -1 -1 -1 -1 -1 -1 -1 -1 -1 -1 -1 -1 END BUFFER 
P1 produced 81
BUFFER  -1 -1 -1 -1 -1 -1 -1 -1 -1 -1 -1 44 61 60 81 77 -1 -1 -1 -1 -1 -1 -1 -1 -1 -1 -1 -1 -1 -1 END BUFFER 
P1 produced 77
BUFFER  -1 -1 -1 -1 -1 -1 -1 -1 -1 -1 -1 -1 61 60 81 77 -1 -1 -1 -1 -1 -1 -1 -1 -1 -1 -1 -1 -1 -1 END BUFFER 
C4 consumed 44
BUFFER  -1 -1 -1 -1 -1 -1 -1 -1 -1 -1 -1 -1 -1 60 81 77 -1 -1 -1 -1 -1 -1 -1 -1 -1 -1 -1 -1 -1 -1 END BUFFER 
C4 consumed 61
BUFFER  -1 -1 -1 -1 -1 -1 -1 -1 -1 -1 -1 -1 -1 -1 81 77 -1 -1 -1 -1 -1 -1 -1 -1 -1 -1 -1 -1 -1 -1 END BUFFER 
C4 consumed 60
BUFFER  -1 -1 -1 -1 -1 -1 -1 -1 -1 -1 -1 -1 -1 -1 -1 77 -1 -1 -1 -1 -1 -1 -1 -1 -1 -1 -1 -1 -1 -1 END BUFFER 
C4 consumed 81
BUFFER  -1 -1 -1 -1 -1 -1 -1 -1 -1 -1 -1 -1 -1 -1 -1 -1 -1 -1 -1 -1 -1 -1 -1 -1 -1 -1 -1 -1 -1 -1 END BUFFER 
C4 consumed 77
BUFFER  -1 -1 -1 -1 -1 -1 -1 -1 -1 -1 -1 -1 -1 -1 -1 -1 26 -1 -1 -1 -1 -1 -1 -1 -1 -1 -1 -1 -1 -1 END BUFFER 
P8 produced 26
BUFFER  -1 -1 -1 -1 -1 -1 -1 -1 -1 -1 -1 -1 -1 -1 -1 -1 26 12 -1 -1 -1 -1 -1 -1 -1 -1 -1 -1 -1 -1 END BUFFER 
P8 produced 12
BUFFER  -1 -1 -1 -1 -1 -1 -1 -1 -1 -1 -1 -1 -1 -1 -1 -1 -1 12 -1 -1 -1 -1 -1 -1 -1 -1 -1 -1 -1 -1 END BUFFER 
C4 consumed 26
BUFFER  -1 -1 -1 -1 -1 -1 -1 -1 -1 -1 -1 -1 -1 -1 -1 -1 -1 -1 -1 -1 -1 -1 -1 -1 -1 -1 -1 -1 -1 -1 END BUFFER 
C4 consumed 12
BUFFER  -1 -1 -1 -1 -1 -1 -1 -1 -1 -1 -1 -1 -1 -1 -1 -1 -1 -1 9 -1 -1 -1 -1 -1 -1 -1 -1 -1 -1 -1 END BUFFER 
P2 produced 9
BUFFER  -1 -1 -1 -1 -1 -1 -1 -1 -1 -1 -1 -1 -1 -1 -1 -1 -1 -1 9 94 -1 -1 -1 -1 -1 -1 -1 -1 -1 -1 END BUFFER 
P2 produced 94
BUFFER  -1 -1 -1 -1 -1 -1 -1 -1 -1 -1 -1 -1 -1 -1 -1 -1 -1 -1 9 94 52 -1 -1 -1 -1 -1 -1 -1 -1 -1 END BUFFER 
BUFFER  -1 -1P2 produced 52
 -1 -1 -1 -1 -1 -1 -1 -1 -1 -1 -1 -1 -1 -1 -1 -1 9 94 52 17 -1 -1 -1 -1 -1 -1 -1 -1 END BUFFER 
P0 produced 17
BUFFER  -1 -1 -1 -1 -1 -1 -1 -1 -1 -1 -1 -1 -1 -1 -1 -1 -1 -1 9 94 52 17 90 -1 -1 -1 -1 -1 -1 -1 END BUFFER 
P5 produced 90
BUFFER  -1 -1 -1 -1 -1 -1 -1 -1 -1 -1 -1 -1 -1 -1 -1 -1 -1 -1 -1 94 52 17 90 -1 -1 -1 -1 -1 -1 -1 END BUFFER 
C4 consumed 9
BUFFER  -1 -1 -1 -1 -1 -1 -1 -1 -1 -1 -1 -1 -1 -1 -1 -1 -1 -1 -1 94 52 17 90 90 -1 -1 -1 -1 -1 -1 END BUFFER 
P1 produced 90
BUFFER  -1 -1 -1 -1 -1 -1 -1 -1 -1 -1 -1 -1 -1 -1 -1 -1 -1 -1 -1 -1 52 17 90 90 -1 -1 -1 -1 -1 -1 END BUFFER 
C4 consumed 94
BUFFER  -1 -1 -1 -1 -1 -1 -1 -1 -1 -1 -1 -1 -1 -1 -1 -1 -1 -1 -1 -1 52 17 90 90 46 -1 -1 -1 -1 -1 END BUFFER 
P0 produced 46
BUFFER  -1 -1 -1 -1 -1 -1 -1 -1 -1 -1 -1 -1 -1 -1 -1 -1 -1 -1 -1 -1 -1 17 90 90 46 -1 -1 -1 -1 -1 END BUFFER 
C4 consumed 52
BUFFER  -1 -1 -1 -1 -1 -1 -1 -1 -1 -1 -1 -1 -1 -1 -1 -1 -1 -1 -1 -1 -1 17 90 90 46 51 -1 -1 -1 -1 END BUFFER 
P1 produced 51
BUFFER  -1 -1 -1 -1 -1 -1 -1 -1 -1 -1 -1 -1 -1 -1 -1 -1 -1 -1 -1 -1 -1 -1 90 90 46 51 -1 -1 -1 -1 END BUFFER 
C4 consumed 17
BUFFER  -1 -1 -1 -1 -1 -1 -1 -1 -1 -1 -1 -1 -1 -1 -1 -1 -1 -1 -1 -1 -1 -1 90 90 46 51 27 -1 -1 -1 END BUFFER 
P1 produced 27
BUFFER  -1 -1 -1 -1 -1 -1 -1 -1 -1 -1 -1 -1 -1 -1 -1 -1 -1 -1 -1 -1 -1 -1 -1 90 46 51 27 -1 -1 -1 END BUFFER 
C4 consumed 90
BUFFER  -1 -1 -1 -1 -1 -1 -1 -1 -1 -1 -1 -1 -1 -1 -1 -1 -1 -1 -1 -1 -1 -1 -1 90 46 51 27 14 -1 -1 END BUFFER 
P1 produced 14
]0;jshowa@nadine: ~/Downloadsjshowa@nadine:~/Downloads$ exit

Script done on Sat 13 Nov 2010 09:18:07 PM EST
